500 0.0010
0.3617
0.3036
0.6242
0.8206
0.1383
0.0271
0.3337
0.8337
0.7345
0.7605
0.1513
0.5531
0.9058
0.0671
0.2776
0.9529
0.3136
0.3096
0.7886
0.9529
0.9950
0.5531
0.4289
0.0401
0.5190
0.5972
0.2255
0.2335
0.2515
0.0741
0.3337
0.7665
0.6373
0.8287
0.6573
0.0581
0.3597
0.9890
0.5681
0.1593
0.1192
0.4128
0.7234
0.1122
0.9279
0.6613
0.1363
0.8918
0.3196
0.3046
0.6834
0.0030
0.5010
0.3116
0.3768
0.6733
0.5671
0.5621
0.1874
0.1433
0.0341
0.9950
0.4920
0.0922
0.8687
0.2004
0.0010
0.8868
0.5822
0.8758
0.2275
0.9559
0.1473
0.2725
0.5240
0.1403
0.3908
0.1092
0.9449
0.2305
0.3938
0.9339
0.2966
0.6563
0.7685
0.6313
0.6974
0.0411
0.2535
0.6393
0.6603
0.4048
0.8146
0.8707
0.7305
0.5251
0.2665
0.9760
0.9489
0.1493
0.3026
0.1052
0.4689
0.1212
0.4760
0.1774
0.2365
0.7425
0.8457
0.2866
0.8657
0.7635
0.3487
0.7425
0.1964
0.9549
0.8176
0.9770
0.0281
0.8557
0.6443
0.4749
0.1804
0.6703
0.3567
0.4549
0.3347
0.6573
0.8998
0.0782
0.3357
0.9940
0.6493
0.2505
1.0000
0.7966
0.1403
0.9970
0.5711
0.8547
0.9329
0.1052
0.1503
0.2776
0.5120
0.9679
0.9770
0.6443
0.7745
0.3617
0.5491
0.8858
0.7756
0.0822
0.7655
0.5361
0.8647
0.5932
0.8557
0.7695
0.7796
0.9629
0.9539
0.4259
0.0271
0.9790
0.0581
0.3878
0.2004
0.5812
0.6092
0.5291
0.9108
0.7044
0.8156
0.5832
0.5230
0.5411
0.9519
0.3697
0.5200
0.5571
0.2735
0.3257
0.4649
0.1232
0.0932
0.6784
0.4709
0.8677
0.4709
0.7204
0.1954
0.5701
0.0090
0.4840
0.4058
0.6152
0.8226
0.4579
0.1022
0.8136
0.1002
0.2285
0.9329
0.2986
0.9078
0.7295
0.9539
0.0531
0.9299
0.8798
0.3778
0.5441
0.3126
0.1814
0.6343
0.1583
0.9058
0.6232
0.2104
0.1904
0.0752
0.0982
0.6463
0.2796
0.2415
0.5311
0.7385
0.3206
0.5752
0.8236
0.3337
0.2705
0.1443
0.0371
0.9649
0.3106
0.3667
0.6313
0.8637
0.2094
0.2315
0.5311
0.6733
0.3557
0.5070
0.1092
0.8457
0.0331
0.5571
0.8036
0.5381
0.1313
1.0000
0.2144
0.4279
0.5030
0.6012
0.3788
0.5842
0.7204
0.9840
0.9108
0.1162
0.9459
0.5030
0.7285
0.6202
0.5311
0.1222
0.6613
0.1202
0.3096
0.4369
0.5892
0.0451
0.3026
0.5481
0.1804
0.0070
0.4078
0.6703
0.5070
0.2846
0.3607
0.2715
0.4248
0.3998
0.6984
0.0461
0.7846
0.8257
0.1583
0.5701
0.4098
0.3587
0.9780
0.2555
0.2645
0.0230
0.9930
0.5441
0.5311
0.8337
0.2475
0.4629
0.9128
0.3507
0.5261
0.1733
0.0160
0.1804
0.2275
0.5962
0.6253
0.8226
0.8838
0.7525
0.4729
0.9940
0.7786
0.5441
0.7355
0.2836
0.7705
0.4098
0.7385
0.7796
0.2806
0.6723
0.8196
0.2124
0.5511
0.6994
0.9810
0.7174
0.4048
0.4218
0.2214
0.9920
0.7756
0.3166
0.4589
0.6263
0.0311
0.1142
0.6924
0.3838
0.2275
0.8517
0.1673
0.6263
0.4479
0.0641
0.4850
0.3968
0.3988
0.9830
0.0782
0.0311
0.2635
0.5391
0.1663
0.3357
0.0080
0.7816
0.4218
0.8267
0.9028
0.3998
0.1373
0.3747
0.9218
0.1633
0.5802
0.9359
0.0351
0.2996
0.8978
0.0992
0.5631
0.3567
0.5872
0.5431
0.8798
0.2745
0.7826
0.1273
0.9429
0.5481
0.4499
0.3467
0.6172
0.8517
0.9850
0.2104
0.3357
0.3447
0.8667
0.6613
0.3918
0.4399
0.7585
0.9649
0.9970
0.4970
0.2515
0.9679
0.7234
0.9549
0.3467
0.8938
0.5952
0.7485
0.2525
0.0501
0.1663
0.7946
0.7966
0.6403
0.9850
0.0822
0.6613
0.4309
0.5130
0.1954
0.1242
0.3868
0.6122
0.4218
0.1623
0.6513
0.0832
0.6703
0.9309
0.6854
0.6764
0.9840
0.8707
0.6353
0.8337
0.3126
0.8427
0.9469
0.9319
0.2024
0.7695
0.6072
0.5271
0.1984
0.3577
0.7174
0.3758
0.4699
0.7305
0.7214
0.9238
0.0762
0.6112
0.2335
0.9689
0.7735
0.8998
0.8257
0.6513
0.3998
0.1463
0.4389
0.3988
0.6072
0.9369
0.3828
0.9760
0.6663
0.7194
0.3186
0.4579
0.7315
0.0180
0.9739
0.7535
0.0070
0.6814
0.6764
0.5952
0.7685
0.5481
0.6623
0.9158
0.4970
0.6363
0.7104
0.7255
0.3076
0.6423
0.5982
0.1082
0.6253
0.4048
