500 -3.0000
358.0000
300.0000
620.0000
816.0000
135.0000
24.0000
330.0000
829.0000
730.0000
756.0000
148.0000
549.0000
901.0000
64.0000
274.0000
948.0000
310.0000
306.0000
784.0000
948.0000
990.0000
549.0000
425.0000
37.0000
515.0000
593.0000
222.0000
230.0000
248.0000
71.0000
330.0000
762.0000
633.0000
824.0000
653.0000
55.0000
356.0000
984.0000
564.0000
156.0000
116.0000
409.0000
719.0000
109.0000
923.0000
657.0000
133.0000
887.0000
316.0000
301.0000
679.0000
0.0000
497.0000
308.0000
373.0000
669.0000
563.0000
558.0000
184.0000
140.0000
31.0000
990.0000
488.0000
89.0000
864.0000
197.0000
-2.0000
882.0000
578.0000
871.0000
224.0000
951.0000
144.0000
269.0000
520.0000
137.0000
387.0000
106.0000
940.0000
227.0000
390.0000
929.0000
293.0000
652.0000
764.0000
627.0000
693.0000
38.0000
250.0000
635.0000
656.0000
401.0000
810.0000
866.0000
726.0000
521.0000
263.0000
971.0000
944.0000
146.0000
299.0000
102.0000
465.0000
118.0000
472.0000
174.0000
233.0000
738.0000
841.0000
283.0000
861.0000
759.0000
345.0000
738.0000
193.0000
950.0000
813.0000
972.0000
25.0000
851.0000
640.0000
471.0000
177.0000
666.0000
353.0000
451.0000
331.0000
653.0000
895.0000
75.0000
332.0000
989.0000
645.0000
247.0000
995.0000
792.0000
137.0000
992.0000
567.0000
850.0000
928.0000
102.0000
147.0000
274.0000
508.0000
963.0000
972.0000
640.0000
770.0000
358.0000
545.0000
881.0000
771.0000
79.0000
761.0000
532.0000
860.0000
589.0000
851.0000
765.0000
775.0000
958.0000
949.0000
422.0000
24.0000
974.0000
55.0000
384.0000
197.0000
577.0000
605.0000
525.0000
906.0000
700.0000
811.0000
579.0000
519.0000
537.0000
947.0000
366.0000
516.0000
553.0000
270.0000
322.0000
461.0000
120.0000
90.0000
674.0000
467.0000
863.0000
467.0000
716.0000
192.0000
566.0000
6.0000
480.0000
402.0000
611.0000
818.0000
454.0000
99.0000
809.0000
97.0000
225.0000
928.0000
295.0000
903.0000
725.0000
949.0000
50.0000
925.0000
875.0000
374.0000
540.0000
309.0000
178.0000
630.0000
155.0000
901.0000
619.0000
207.0000
187.0000
72.0000
95.0000
642.0000
276.0000
238.0000
527.0000
734.0000
317.0000
571.0000
819.0000
330.0000
267.0000
141.0000
34.0000
960.0000
307.0000
363.0000
627.0000
859.0000
206.0000
228.0000
527.0000
669.0000
352.0000
503.0000
106.0000
841.0000
30.0000
553.0000
799.0000
534.0000
128.0000
995.0000
211.0000
424.0000
499.0000
597.0000
375.0000
580.0000
716.0000
979.0000
906.0000
113.0000
941.0000
499.0000
724.0000
616.0000
527.0000
119.0000
657.0000
117.0000
306.0000
433.0000
585.0000
42.0000
299.0000
544.0000
177.0000
4.0000
404.0000
666.0000
503.0000
281.0000
357.0000
268.0000
421.0000
396.0000
694.0000
43.0000
780.0000
821.0000
155.0000
566.0000
406.0000
355.0000
973.0000
252.0000
261.0000
20.0000
988.0000
540.0000
527.0000
829.0000
244.0000
459.0000
908.0000
347.0000
522.0000
170.0000
13.0000
177.0000
224.0000
592.0000
621.0000
818.0000
879.0000
748.0000
469.0000
989.0000
774.0000
540.0000
731.0000
280.0000
766.0000
406.0000
734.0000
775.0000
277.0000
668.0000
815.0000
209.0000
547.0000
695.0000
976.0000
713.0000
401.0000
418.0000
218.0000
987.0000
771.0000
313.0000
455.0000
622.0000
28.0000
111.0000
688.0000
380.0000
224.0000
847.0000
164.0000
622.0000
444.0000
61.0000
481.0000
393.0000
395.0000
978.0000
75.0000
28.0000
260.0000
535.0000
163.0000
332.0000
5.0000
777.0000
418.0000
822.0000
898.0000
396.0000
134.0000
371.0000
917.0000
160.0000
576.0000
931.0000
32.0000
296.0000
893.0000
96.0000
559.0000
353.0000
583.0000
539.0000
875.0000
271.0000
778.0000
124.0000
938.0000
544.0000
446.0000
343.0000
613.0000
847.0000
980.0000
207.0000
332.0000
341.0000
862.0000
657.0000
388.0000
436.0000
754.0000
960.0000
992.0000
493.0000
248.0000
963.0000
719.0000
950.0000
343.0000
889.0000
591.0000
744.0000
249.0000
47.0000
163.0000
790.0000
792.0000
636.0000
980.0000
79.0000
657.0000
427.0000
509.0000
192.0000
121.0000
383.0000
608.0000
418.0000
159.0000
647.0000
80.0000
666.0000
926.0000
681.0000
672.0000
979.0000
866.0000
631.0000
829.0000
309.0000
838.0000
942.0000
927.0000
199.0000
765.0000
603.0000
523.0000
195.0000
354.0000
713.0000
372.0000
466.0000
726.0000
717.0000
919.0000
73.0000
607.0000
230.0000
964.0000
769.0000
895.0000
821.0000
647.0000
396.0000
143.0000
435.0000
395.0000
603.0000
932.0000
379.0000
971.0000
662.0000
715.0000
315.0000
454.0000
727.0000
15.0000
969.0000
749.0000
4.0000
677.0000
672.0000
591.0000
764.0000
544.0000
658.0000
911.0000
493.0000
632.0000
706.0000
721.0000
304.0000
638.0000
594.0000
105.0000
621.0000
401.0000
