100 -34.0000
-0.0000
-34.0000
-68.0000
-102.0000
-136.0000
-170.0000
-204.0000
-238.0000
-272.0000
-306.0000
-0.0000
-34.0000
-68.0000
-102.0000
-136.0000
-170.0000
-204.0000
-238.0000
-272.0000
-306.0000
-0.0000
-34.0000
-68.0000
-102.0000
-136.0000
-170.0000
-204.0000
-238.0000
-272.0000
-306.0000
-0.0000
-34.0000
-68.0000
-102.0000
-136.0000
-170.0000
-204.0000
-238.0000
-272.0000
-306.0000
-0.0000
-34.0000
-68.0000
-102.0000
-136.0000
-170.0000
-204.0000
-238.0000
-272.0000
-306.0000
-0.0000
-34.0000
-68.0000
-102.0000
-136.0000
-170.0000
-204.0000
-238.0000
-272.0000
-306.0000
-0.0000
-34.0000
-68.0000
-102.0000
-136.0000
-170.0000
-204.0000
-238.0000
-272.0000
-306.0000
-0.0000
-34.0000
-68.0000
-102.0000
-136.0000
-170.0000
-204.0000
-238.0000
-272.0000
-306.0000
-0.0000
-34.0000
-68.0000
-102.0000
-136.0000
-170.0000
-204.0000
-238.0000
-272.0000
-306.0000
-0.0000
-34.0000
-68.0000
-102.0000
-136.0000
-170.0000
-204.0000
-238.0000
-272.0000
-306.0000
